 % Time         East      North      Up    East_error North_error Up_error 
 % year          mm        mm        mm        mm        mm        mm 
 2024.633375 -305.7640  161.8350  116.3890    1.1750    1.4310    5.1120 
 2024.635172 -305.9340  163.2080  116.6670    0.5580    0.7150    2.4930 
 2024.637910 -306.3480  164.6790  114.6760    0.5610    0.7230    2.4760 
 2024.640648 -305.3210  167.0040  124.0060    0.5730    0.7670    2.6990 
 2024.643385 -303.9930  165.3580  116.3420    0.5780    0.7250    2.6030 
 2024.646123 -305.5220  164.9410  116.6770    0.5580    0.7400    2.5130 
 2024.648861 -304.9850  163.8040  114.8770    0.4070    0.5270    1.7730 
 2024.651599 -305.0240  163.3660  118.4580    0.4140    0.5200    1.7810 
 2024.654337 -306.3580  163.9640  118.0060    0.4120    0.5330    1.8160 
 2024.657075 -305.6530  163.2090  117.8970    0.4250    0.5500    1.8310 
 2024.659813 -305.0820  163.3400  118.8820    0.4120    0.5300    1.7910 
 2024.662550 -306.5390  162.1170  114.5960    0.4270    0.5590    1.9440 
 2024.665288 -304.6690  164.5400  113.0690    0.4210    0.5610    1.8530 
 2024.668026 -304.9980  163.6070  117.0300    0.4060    0.5410    1.7950 
 2024.670764 -305.1940  163.5200  114.9410    0.4140    0.5350    1.8060 
 2024.673502 -305.0320  163.8230  117.4890    0.4060    0.5360    1.7980 
 2024.676240 -304.6130  163.8100  115.2900    0.4090    0.5360    1.7330 
 2024.678977 -305.3010  165.7510  115.4590    0.4110    0.5360    1.7820 
 2024.681715 -306.7700  164.8250  113.6870    0.3960    0.5300    1.7430 
 2024.684453 -305.1860  164.4780  115.2390    0.4050    0.5390    1.7540 
 2024.687191 -305.7510  163.2980  116.0120    0.4040    0.5390    1.7430 
 2024.689929 -306.0030  163.1620  114.9150    0.4370    0.5740    1.8640 
 2024.692667 -307.7080  164.8560  117.1260    0.4050    0.5250    1.7310 
 2024.695405 -307.6250  163.7910  115.8110    0.4150    0.5240    1.7540 
 2024.698142 -307.2200  164.3900  111.6380    0.4640    0.5850    2.1250 
 2024.700880 -306.1860  164.7580  110.1900    0.4910    0.6180    2.1300 
 2024.703618 -305.1870  163.3120  113.5830    0.4220    0.5550    1.8990 
 2024.706356 -304.8360  163.5550  113.9330    0.4420    0.5450    1.9000 
 2024.709094 -304.5670  164.5440  114.3110    0.4380    0.5680    1.9690 
 2024.711832 -305.3100  166.8540  113.2860    0.4480    0.5690    1.9740 
 2024.714570 -305.9240  165.7160  114.9010    0.4270    0.5510    1.7940 
 2024.717307 -304.3640  164.2870  112.0500    0.4970    0.6100    2.1750 
 2024.720045 -304.7240  165.1520  111.6930    0.3950    0.5130    1.6980 
 2024.722783 -305.1960  166.2760  117.1500    0.4220    0.5430    1.7880 
 2024.725521 -306.0990  166.8990  117.9500    0.4130    0.5320    1.7640 
 2024.728259 -306.9100  164.9170  114.5450    0.4280    0.5550    1.8620 
 2024.730997 -306.0300  164.7890  114.0390    0.4140    0.5410    1.8420 
 2024.733735 -305.7150  165.0450  117.2210    0.5590    0.7100    2.4650 
 2024.736472 -306.3410  164.5340  114.2750    0.4220    0.5420    1.9060 
 2024.739210 -307.3180  165.1400  118.0610    0.4190    0.5460    1.8920 
 2024.741948 -305.5780  166.9640  119.4580    0.4230    0.5350    1.8230 
 2024.744686 -305.7720  165.5340  114.0810    0.4280    0.5620    1.9310 
 2024.747424 -307.0540  164.9560  112.3550    0.4510    0.5970    1.9350 
 2024.750162 -306.9500  165.6090  114.9270    0.4050    0.5370    1.7560 
 2024.752899 -307.0780  166.2180  114.5670    0.4400    0.5880    1.9210 
 2024.755637 -305.2390  165.1850  120.6790    0.4490    0.5850    1.9940 
 2024.758375 -304.6670  164.6340  113.9350    0.4690    0.6410    2.0190 
 2024.761113 -305.1170  165.7050  113.4520    0.4380    0.5810    1.8620 
 2024.763851 -306.0070  164.4880  111.5530    0.4720    0.6340    2.0060 
 2024.766608 -306.2560  166.9770  114.9920    0.5250    0.6850    2.3170 
 2024.769327 -307.4310  167.0910  113.2440    0.5310    0.6220    2.2610 
 2024.772064 -307.4870  165.2610  116.3450    0.4520    0.5700    2.0680 
 2024.774802 -307.6080  166.6590  113.2160    0.5080    0.6530    2.1220 
 2024.777540 -310.6100  166.1610  114.5420    0.4780    0.5790    2.0690 
 2024.780278 -307.2650  165.0430  114.4070    0.4200    0.5490    1.7990 
 2024.783016 -307.8660  163.9690  114.7560    0.3960    0.5160    1.7390 
 2024.785754 -309.1820  166.2720  119.3600    0.4240    0.5430    1.7970 
 2024.788492 -307.9470  166.3190  120.2640    0.4840    0.6440    1.9890 
 2024.791229 -308.3990  165.9260  116.9500    0.4780    0.6210    2.0380 
 2024.793967 -308.5670  164.6050  114.0660    0.4320    0.5740    1.8800 
 2024.796705 -309.8700  165.0230  117.9110    0.4890    0.6210    2.0180 
 2024.799443 -308.3070  167.4070  116.6310    0.4700    0.6110    2.0150 
 2024.802181 -309.6230  166.0950  119.5720    0.4470    0.5840    1.8710 
 2024.804919 -309.2640  167.2260  117.0070    0.4190    0.5410    1.7860 
 2024.807656 -309.3010  164.6400  117.5160    0.4950    0.6690    2.1880 
 2024.810394 -308.6300  167.0670  116.6480    0.4080    0.5280    1.7780 
 2024.813132 -310.4320  167.7000  114.2280    0.4520    0.5960    1.9970 
 2024.815870 -308.6530  167.7230  117.8480    0.4190    0.5470    1.8370 
 2024.818608 -309.3110  166.1870  116.1580    0.4460    0.6110    1.9240 
 2024.821346 -311.2200  167.6460  118.6620    0.4610    0.6340    1.9550 
 2024.824084 -309.5910  167.0490  115.2780    0.4640    0.6260    1.9710 
 2024.826821 -307.3230  166.5790  117.9560    0.5020    0.6430    2.1270 
 2024.829559 -307.5480  165.6480  121.3840    0.4940    0.6840    2.0680 
 2024.832297 -310.2410  165.9380  118.2050    0.4530    0.6040    1.9050 
 2024.835035 -311.3080  166.5310  113.2120    0.4530    0.6130    1.9440 
 2024.837773 -309.5430  165.9780  112.2550    0.5030    0.7180    2.1710 
 2024.840511 -310.6030  167.6650  115.1240    0.4650    0.6240    1.9250 
 2024.843249 -310.2390  166.5890  116.1750    0.4900    0.6590    2.0160 
 2024.845986 -310.0440  168.0560  121.1050    0.5100    0.6580    2.0940 
 2024.848724 -310.6840  167.3800  117.1090    0.4750    0.6190    1.9870 
 2024.851462 -311.6650  169.0910  119.4190    0.4850    0.5960    2.0270 
 2024.854200 -309.6950  168.3600  122.0450    0.4660    0.6300    2.0270 
 2024.856938 -309.1490  166.3590  120.9840    0.5600    0.7200    2.4750 
 2024.859676 -308.3190  166.1470  115.6900    0.5180    0.6690    2.2080 
 2024.862413 -308.6880  164.5600  116.1300    0.4520    0.5750    1.9240 
 2024.865151 -308.9290  165.4170  118.0860    0.3960    0.5260    1.7350 
 2024.867889 -309.7370  166.5500  114.2960    0.4240    0.5560    1.8030 
 2024.870627 -309.2850  165.5900  117.3540    0.4940    0.6190    2.0850 
 2024.873365 -309.9710  166.8640  113.2670    0.4820    0.6530    2.2060 
 2024.876103 -309.0780  166.4720  115.7800    0.4070    0.5220    1.7490 
 2024.878841 -308.4080  166.5700  119.5520    0.4040    0.5250    1.7150 
 2024.881578 -309.8790  167.0160  119.9760    0.4100    0.5280    1.7750 
 2024.884316 -307.7100  166.9830  116.1320    0.4530    0.5680    2.0040 
 2024.887054 -308.9580  167.1660  117.2430    0.4200    0.5480    1.8110 
 2024.889792 -310.9510  167.3230  119.1250    0.4610    0.5990    1.8940 
 2024.892530 -309.3610  167.8840  118.8710    0.4860    0.6070    1.9990 
 2024.895268 -309.5980  167.5320  119.4070    0.4250    0.5580    1.7370 
 2024.898006 -310.2890  167.2150  123.0020    0.4170    0.5510    1.7800 
 2024.900743 -309.2270  169.5810  120.9790    0.5260    0.6790    2.1550 
 2024.903481 -309.7350  167.2380  118.3750    0.4330    0.5800    1.8750 
 2024.906219 -310.2570  168.5620  119.5250    0.4640    0.5990    1.9220 
 2024.908957 -309.6190  167.0130  113.0710    0.4380    0.5760    1.9240 
 2024.911695 -308.2430  168.0700  113.4560    0.4430    0.5750    1.9180 
 2024.914433 -309.3100  168.1420  107.9610    0.4420    0.5800    1.8820 
 2024.917171 -311.6950  168.0650  114.3340    0.4270    0.5410    1.8090 
 2024.919908 -311.1620  166.8910  115.6890    0.4310    0.5620    1.8530 
 2024.922646 -311.6510  166.8740  116.1650    0.4710    0.6070    1.9970 
 2024.925384 -310.8040  167.1820  116.1100    0.4990    0.6490    2.0510 
 2024.928122 -312.0180  168.8520  116.7920    0.4150    0.5370    1.8250 
 2024.930860 -310.8700  167.7180  115.7370    0.4340    0.5720    1.8380 
 2024.933598 -311.1300  171.4310  120.6470    0.4440    0.5770    1.9180 
 2024.936335 -311.3170  168.6800  117.5510    0.4390    0.5410    1.8580 
 2024.939073 -310.6210  168.4780  112.3840    0.4900    0.6170    2.1990 
 2024.941811 -311.7130  167.5130  115.1330    0.4210    0.5360    1.7910 
 2024.944549 -311.7090  168.2700  111.3320    0.4460    0.5610    1.9010 
 2024.947287 -311.5900  167.5720  116.8890    0.4300    0.5660    1.9110 
 2024.950025 -312.5920  169.5270  117.9280    0.4050    0.5210    1.7270 
 2024.952763 -312.2450  166.3350  120.3370    0.4780    0.5990    2.0270 
 2024.955500 -313.0530  168.0760  115.8700    0.4480    0.5550    1.9240 
 2024.958238 -313.5570  166.8640  117.7470    0.4270    0.5370    1.8120 
 2024.960986 -313.5120  171.0270  116.9040    0.4830    0.5930    2.0320 
 2024.963714 -314.3440  168.8290  114.8390    0.4800    0.5990    1.9810 
 2024.966452 -313.6240  167.8780  117.7720    0.4380    0.5770    1.8680 
 2024.969190 -312.8570  168.2700  116.5890    0.4700    0.5970    1.9280 
 2024.971928 -313.2620  168.1700  117.1630    0.4790    0.6160    2.0450 
 2024.974665 -314.1750  167.7380  115.6720    0.5020    0.6240    2.0590 
 2024.977403 -313.3320  168.0700  120.2410    0.4930    0.6570    1.9690 
 2024.980141 -313.2000  166.8960  119.2860    0.4750    0.5930    1.9300 
 2024.982879 -312.4950  168.1250  118.8810    0.4470    0.5910    1.8970 
 2024.985617 -311.5990  167.9530  120.0250    0.4120    0.5470    1.7670 
 2024.988355 -311.0780  167.8720  116.3790    0.4080    0.5310    1.7480 
 2024.991092 -310.8820  166.4650  115.7710    0.4130    0.5330    1.7660 
 2024.993830 -312.0180  167.5810  117.3950    0.4280    0.5550    1.8660 
 2024.996568 -313.2830  169.5310  117.7690    0.4130    0.5460    1.7540 
 2024.999306 -313.6620  169.0270  114.9040    0.4930    0.6420    2.0350 
 2025.002044 -313.0930  168.4400  112.4070    0.5680    0.6960    2.3850 
 2025.004782 -312.7660  168.9110  113.6440    0.4970    0.6030    2.0580 
 2025.007520 -312.1210  168.8510  114.2180    0.4250    0.5600    1.7640 
 2025.010257 -312.2330  169.0390  114.6380    0.5750    0.7400    2.3700 
 2025.012995 -312.9060  169.6670  114.7890    0.5630    0.6750    2.2910 
 2025.015733 -312.8950  167.9520  113.5040    0.4410    0.5600    1.8700 
 2025.018471 -312.7620  166.3930  116.6530    0.4810    0.6090    2.0590 
 2025.021209 -314.1430  167.3250  116.5680    0.4270    0.5380    1.8250 
 2025.023947 -313.5390  169.4760  115.8490    0.4560    0.5480    1.9380 
 2025.026685 -312.4260  170.2550  116.8830    0.4490    0.5700    1.9510 
 2025.029422 -312.0950  168.6730  115.8950    0.4280    0.5470    1.8340 
 2025.032160 -312.7120  169.1860  115.2810    0.4190    0.5340    1.7250 
 2025.034898 -312.6610  168.8100  115.3980    0.4670    0.5910    1.9960 
 2025.037636 -314.0880  168.1510  115.3760    0.4590    0.5950    1.9220 
 2025.040374 -314.7940  169.4710  113.3770    0.4980    0.6100    2.0060 
 2025.043112 -313.4620  168.6880  111.4980    0.4700    0.5830    1.9890 
 2025.045849 -313.6560  168.4010  110.0730    0.4800    0.6430    2.0070 
 2025.048587 -312.2690  168.9940  110.3420    0.4290    0.5690    1.8420 
 2025.051325 -314.3210  169.2950  110.8540    0.5220    0.6410    2.1290 
 2025.054063 -315.0240  169.6080  104.2270    0.5330    0.6890    2.2080 
 2025.056801 -312.9130  169.4640  114.8160    0.4700    0.6270    2.0750 
 2025.059539 -314.5330  169.1710  116.2800    0.4920    0.6300    2.0770 
 2025.062277 -314.1760  169.3190  111.6790    0.5170    0.6660    2.1050 
 2025.065014 -313.9840  170.3020  118.0420    0.4250    0.5620    1.8420 
 2025.067752 -314.0110  168.8560  116.0970    0.4110    0.5520    1.7770 
 2025.070490 -313.5330  168.1740  112.9670    0.4130    0.5280    1.7730 
 2025.073228 -314.1610  169.4240  111.9950    0.4680    0.5690    1.9020 
 2025.075966 -315.2690  169.9270  112.8570    0.4660    0.5980    2.0600 
 2025.078704 -313.7060  170.2010  115.9190    0.4150    0.5280    1.7600 
 2025.081442 -314.1320  171.0440  113.4460    0.4100    0.5230    1.7580 
 2025.084179 -314.3350  171.4900  113.8400    0.4100    0.5460    1.8100 
 2025.086917 -314.3520  169.0720  111.3930    0.5270    0.6480    2.2240 
 2025.089655 -313.2780  167.6490  109.0150    0.5190    0.6160    2.0980 
 2025.092393 -313.3580  167.7080  113.1710    0.3950    0.5180    1.6920 
 2025.095131 -315.1860  167.5290  112.6060    0.4040    0.5340    1.7480 
 2025.097869 -314.5960  167.1140  111.3220    0.4080    0.5280    1.7680 
 2025.100607 -313.9370  167.3540  111.9800    0.4170    0.5290    1.7970 
 2025.103344 -312.9320  167.8940  114.6760    0.3940    0.5200    1.7270 
 2025.106082 -314.5620  168.6470  111.8160    0.4440    0.5450    1.8840 
 2025.108820 -314.3140  169.2820  110.2630    0.4680    0.5880    1.9780 
 2025.111558 -314.7810  167.9400  107.3730    0.5140    0.6180    2.1740 
 2025.114296 -314.7170  171.5840  113.5270    0.4810    0.6120    2.1000 
 2025.117034 -314.0320  170.8260  105.3230    0.4740    0.5960    1.9730 
 2025.119771 -317.4320  170.7140  109.5560    0.4960    0.6470    2.2140 
 2025.122509 -315.5420  170.6650  102.2320    0.5340    0.6600    2.3480 
 2025.125247 -313.1380  168.8980  109.7250    0.5050    0.6290    2.0990 
 2025.127985 -313.4120  167.6990  108.9950    0.4330    0.5760    1.9040 
 2025.130723 -315.3380  168.3120  113.2960    0.4620    0.5650    1.9720 
 2025.133461 -315.6320  169.5070  112.9310    0.4610    0.5930    1.9730 
 2025.136199 -317.6050  168.4560  110.9700    0.4900    0.6320    2.0460 
 2025.138936 -316.1960  168.9650  107.4980    0.4290    0.5620    1.8740 
 2025.141674 -315.1800  169.8530  110.9500    0.4370    0.5750    1.9090 
 2025.144412 -314.6380  170.9090  113.4750    0.4190    0.5330    1.7300 
 2025.147150 -315.8230  172.5810  113.3390    0.4090    0.5500    1.7780 
 2025.149888 -313.5000  171.9070  112.7570    0.4410    0.5720    1.9130 
 2025.152626 -314.4070  170.8950  110.3300    0.4250    0.5510    1.7960 
 2025.155364 -315.9000  170.0210  107.6300    0.4510    0.5840    1.9570 
 2025.158101 -316.3090  170.8770  110.3120    0.4870    0.6170    2.0640 
 2025.160839 -315.1450  169.4790  108.3780    0.5090    0.6110    2.1450 
 2025.163577 -314.3150  168.6650  111.0820    0.4770    0.6190    2.0020 
 2025.166315 -314.6660  169.2500  112.1840    0.4020    0.5340    1.7670 
 2025.169053 -315.2860  169.6530  114.0580    0.4060    0.5480    1.7980 
 2025.171791 -314.4290  170.5320  197.3940    0.5540    0.7670    2.7660 
