 % Time         East      North      Up    East_error North_error Up_error 
 % year          mm        mm        mm        mm        mm        mm 
 2024.638632 -300.4940  127.6680  166.3190    0.9030    1.1430    4.0050 
 2024.640648 -300.2810  127.1720  166.8500    0.5630    0.7620    2.6760 
 2024.643385 -299.4470  126.4180  164.4040    0.5940    0.7760    2.7420 
 2024.646123 -299.0980  125.5580  161.6570    0.5630    0.7600    2.6150 
 2024.648861 -301.1860  125.2880  157.8820    0.4080    0.5360    1.8210 
 2024.651599 -300.1140  124.3990  161.4490    0.4130    0.5300    1.8220 
 2024.654337 -299.6070  126.4080  158.9530    0.4140    0.5400    1.8690 
 2024.657075 -300.7430  125.1400  158.3080    0.4350    0.5670    1.9230 
 2024.659813 -299.6250  126.0190  162.6510    0.4210    0.5420    1.8830 
 2024.662550 -299.2300  124.1590  158.6430    0.4280    0.5750    2.0160 
 2024.665288 -299.2050  125.3120  160.0820    0.4320    0.5650    1.9250 
 2024.668026 -300.3800  125.3370  161.0210    0.4100    0.5460    1.8480 
 2024.670764 -300.5680  125.7840  160.9660    0.4260    0.5520    1.9160 
 2024.673502 -300.1030  124.0180  161.8520    0.4120    0.5470    1.8770 
 2024.676240 -300.0140  125.2780  156.5460    0.4140    0.5470    1.7890 
 2024.678977 -300.0990  126.2190  160.1800    0.4150    0.5430    1.8350 
 2024.681715 -302.3080  126.9180  162.8960    0.4050    0.5390    1.8160 
 2024.684453 -301.4110  127.9610  163.6880    0.4110    0.5500    1.8110 
 2024.687191 -300.8740  125.4980  161.9230    0.4120    0.5610    1.8210 
 2024.689929 -301.8050  124.2870  157.6730    0.4400    0.5840    1.9790 
 2024.692667 -302.3120  125.6410  157.7860    0.4060    0.5390    1.8000 
 2024.695405 -303.5210  125.7980  162.2650    0.4170    0.5350    1.8430 
 2024.698142 -302.8340  125.7280  159.2160    0.4870    0.6060    2.2760 
 2024.700880 -301.7680  125.2220  156.3620    0.4900    0.6320    2.2320 
 2024.703618 -300.8860  124.2840  158.3980    0.4240    0.5690    1.9510 
 2024.706356 -300.5250  124.3180  159.8030    0.4560    0.5670    2.0380 
 2024.709094 -301.0590  125.4110  161.7610    0.4390    0.5750    2.0300 
 2024.711832 -301.6230  126.5810  156.8980    0.4600    0.5850    2.0530 
 2024.714570 -301.4880  127.0510  159.0710    0.4390    0.5640    1.8780 
 2024.717307 -299.4230  125.3990  162.0990    0.5030    0.6230    2.2150 
 2024.720045 -299.8690  126.3250  155.7540    0.4020    0.5290    1.7730 
 2024.722783 -300.3190  126.9530  160.8590    0.4240    0.5560    1.8600 
 2024.725521 -301.6150  127.9170  160.2560    0.4140    0.5470    1.8430 
 2024.728259 -301.4100  127.1050  161.1770    0.4320    0.5630    1.9390 
 2024.730997 -300.9180  126.8060  159.3970    0.4190    0.5540    1.9340 
 2024.733735 -300.3740  125.4080  163.6830    0.5760    0.7040    2.4560 
 2024.736472 -302.5550  126.4580  163.8990    0.4360    0.5540    1.9670 
 2024.739210 -302.0980  126.2410  163.7170    0.4270    0.5590    1.9940 
 2024.741948 -300.3130  128.5310  167.1790    0.4260    0.5460    1.8860 
 2024.744686 -301.8190  126.5670  164.2560    0.4350    0.5710    1.9800 
 2024.747424 -303.4390  126.6410  160.5160    0.4600    0.6020    2.0070 
 2024.750162 -303.3630  126.1080  160.9040    0.4070    0.5500    1.8080 
 2024.752899 -301.9520  127.2360  163.1930    0.4460    0.5990    1.9910 
 2024.755637 -300.3160  127.1900  167.4180    0.4520    0.5890    2.0750 
 2024.758375 -300.5080  125.5080  160.2640    0.4790    0.6710    2.0780 
 2024.761113 -301.3080  126.7750  161.0740    0.4500    0.5950    1.9740 
 2024.763851 -301.6340  125.7710  157.7850    0.4760    0.6400    2.0740 
 2024.766589 -301.8460  128.1120  163.4750    0.5420    0.7180    2.3760 
 2024.769327 -302.6780  127.8310  157.6600    0.5360    0.6250    2.2960 
 2024.772064 -303.4910  126.8570  163.1580    0.4580    0.5720    2.0740 
 2024.774802 -302.6900  128.4670  161.8190    0.5100    0.6500    2.1770 
 2024.777540 -304.7750  127.4160  158.9640    0.4770    0.5890    2.1090 
 2024.780278 -302.0460  126.1170  163.3650    0.4310    0.5760    1.8730 
 2024.783016 -303.4260  125.5230  163.1010    0.4020    0.5260    1.8070 
 2024.785754 -304.7890  126.9960  167.7440    0.4290    0.5440    1.8560 
 2024.788492 -302.9880  127.8200  168.0310    0.4890    0.6540    2.0520 
 2024.791229 -303.2210  126.9680  164.5580    0.5010    0.6500    2.1320 
 2024.793967 -303.7080  126.0620  161.6960    0.4480    0.5960    2.0100 
 2024.796705 -305.3860  126.9070  166.3040    0.4910    0.6180    2.0670 
 2024.799443 -304.0120  129.0510  164.2710    0.4910    0.6290    2.1360 
 2024.802181 -304.2970  127.8480  168.5830    0.4490    0.5900    1.9390 
 2024.804919 -304.1270  128.7860  169.6980    0.4250    0.5460    1.8420 
 2024.807656 -303.7820  126.4700  165.6330    0.5100    0.6590    2.2600 
 2024.810394 -303.5570  129.0950  168.5720    0.4120    0.5440    1.8450 
 2024.813132 -305.3310  130.0400  167.7510    0.4550    0.6010    2.0620 
 2024.815870 -304.6190  128.4750  161.4450    0.4300    0.5620    1.8990 
 2024.818608 -305.2600  127.7700  167.4860    0.4490    0.6230    1.9940 
 2024.821346 -306.0300  127.7950  165.5670    0.4730    0.6550    2.0440 
 2024.824084 -304.6910  127.7390  164.0460    0.4760    0.6330    2.0440 
 2024.826821 -303.1300  127.6140  164.4610    0.5130    0.6590    2.2070 
 2024.829559 -303.4920  126.6120  166.2920    0.5100    0.7060    2.1990 
 2024.832297 -304.6370  127.4620  166.3590    0.4510    0.6140    1.9860 
 2024.835035 -306.5770  127.9020  166.9270    0.4550    0.6200    2.0060 
 2024.837773 -305.3200  127.1740  165.7070    0.5150    0.7140    2.2400 
 2024.840511 -305.1970  128.1430  163.5400    0.4710    0.6340    1.9960 
 2024.843249 -305.3760  128.0580  163.8290    0.4920    0.6680    2.0860 
 2024.845986 -304.8400  127.8080  164.1570    0.5220    0.6900    2.1510 
 2024.848724 -304.3270  127.7400  164.6740    0.4760    0.6180    2.0400 
 2024.851462 -305.3990  129.0710  166.6290    0.4770    0.5970    2.0700 
 2024.854200 -304.1690  128.5850  168.4790    0.4720    0.6550    2.1120 
 2024.856938 -304.8650  128.7770  177.2140    0.5690    0.7250    2.5320 
 2024.859676 -303.6470  127.9420  165.4330    0.5310    0.6800    2.3680 
 2024.862413 -303.6840  126.7350  165.2650    0.4470    0.5840    1.9900 
 2024.865151 -304.2590  126.2620  165.9320    0.4070    0.5470    1.8450 
 2024.867889 -304.9830  125.8770  163.4350    0.4320    0.5640    1.8770 
 2024.870627 -305.3210  125.7590  163.6900    0.4870    0.6230    2.1090 
 2024.873365 -304.1900  128.1260  163.4340    0.4870    0.6750    2.2780 
 2024.876103 -304.5230  127.5650  160.7320    0.4090    0.5290    1.7830 
 2024.878841 -303.7340  127.4160  165.3030    0.4070    0.5350    1.7700 
 2024.881578 -304.0310  128.2960  163.6180    0.4120    0.5380    1.8230 
 2024.884316 -303.1460  128.5600  162.6840    0.4680    0.5910    2.0820 
 2024.887054 -305.0560  127.2840  162.3650    0.4200    0.5590    1.8760 
 2024.889792 -306.6780  127.4440  163.6720    0.4630    0.6090    1.9400 
 2024.892530 -305.9290  129.1260  164.2970    0.4830    0.6160    2.0120 
 2024.895268 -305.8640  128.9060  169.0900    0.4300    0.5670    1.8040 
 2024.898006 -306.2840  128.7850  170.3600    0.4230    0.5600    1.8430 
 2024.900743 -307.4470  128.3160  167.6920    0.5300    0.6860    2.2080 
 2024.903481 -306.0580  127.7840  164.3740    0.4320    0.5850    1.9060 
 2024.906219 -305.1640  128.5530  166.3040    0.4640    0.6150    2.0000 
 2024.908957 -305.3210  128.1470  162.8300    0.4420    0.5880    1.9580 
 2024.911695 -305.0750  129.1030  161.4740    0.4530    0.5810    1.9830 
 2024.914433 -305.3870  129.5450  154.8630    0.4460    0.5890    1.9610 
 2024.917171 -307.7350  128.7610  160.9830    0.4400    0.5680    1.8950 
 2024.919908 -306.8710  128.7900  162.3660    0.4390    0.5820    1.9350 
 2024.922646 -307.3660  128.4760  162.7960    0.4820    0.6180    2.0590 
 2024.925384 -307.0670  127.4750  164.3770    0.5100    0.6550    2.0790 
 2024.928122 -307.3600  129.9200  164.4120    0.4190    0.5470    1.8770 
 2024.930860 -306.3350  128.7010  164.3470    0.4380    0.5780    1.9150 
 2024.933598 -305.5070  128.8180  164.5230    0.4530    0.5980    2.0250 
 2024.936335 -305.9290  126.9300  165.4400    0.4350    0.5560    1.9330 
 2024.939073 -305.8430  130.5620  169.6370    0.4920    0.6350    2.3300 
 2024.941811 -306.5820  128.5950  163.4340    0.4290    0.5480    1.8790 
 2024.944549 -307.6910  129.3310  157.9240    0.4550    0.5690    1.9520 
 2024.947287 -307.4050  128.4290  161.8700    0.4420    0.5690    1.9560 
 2024.950025 -307.0170  129.7850  164.6960    0.4160    0.5410    1.8210 
 2024.952763 -306.6320  129.0580  168.6620    0.4790    0.5910    2.0730 
 2024.955500 -308.5430  129.3560  165.4440    0.4530    0.5630    1.9340 
 2024.958238 -309.1830  128.2340  165.3650    0.4330    0.5490    1.8480 
 2024.960986 -308.4070  129.9010  162.1470    0.5000    0.6120    2.0450 
 2024.963714 -309.4880  128.4560  164.8560    0.4820    0.6280    2.0560 
 2024.966452 -308.9640  129.7940  162.9010    0.4370    0.5770    1.9030 
 2024.969190 -308.5200  129.7500  164.9640    0.4740    0.6130    1.9890 
 2024.971928 -308.7750  128.3740  162.7970    0.4880    0.6370    2.1200 
 2024.974665 -308.2760  126.6680  162.4000    0.5160    0.6570    2.1130 
 2024.977403 -308.7560  129.0190  167.4900    0.4940    0.6560    1.9870 
 2024.980141 -308.4060  128.3240  168.7350    0.4780    0.6160    2.0410 
 2024.982879 -308.1080  129.5990  166.1450    0.4510    0.6030    1.9380 
 2024.985617 -307.2980  128.6630  167.2710    0.4170    0.5550    1.8240 
 2024.988355 -306.8110  129.1340  160.5950    0.4140    0.5360    1.8280 
 2024.991092 -307.1590  127.7850  160.1900    0.4210    0.5470    1.8210 
 2024.993830 -307.5800  128.1530  163.0380    0.4350    0.5660    1.9190 
 2024.996568 -307.7310  129.4980  160.0490    0.4170    0.5560    1.8240 
 2024.999306 -308.3570  130.1850  159.8840    0.5010    0.6540    2.1250 
 2025.002044 -309.2740  129.3180  158.5090    0.5650    0.6980    2.4330 
 2025.004782 -308.7190  129.8100  159.5530    0.5040    0.6120    2.1340 
 2025.007520 -307.7080  130.4790  160.3910    0.4260    0.5660    1.8140 
 2025.010257 -309.1240  130.5090  154.7470    0.5490    0.7560    2.4090 
 2025.012995 -309.7920  128.7240  158.1980    0.5500    0.6790    2.2560 
 2025.015733 -309.1010  128.7400  160.5080    0.4370    0.5660    1.8880 
 2025.018471 -308.6760  127.0650  162.2050    0.5030    0.6210    2.1090 
 2025.021209 -309.8790  128.1480  161.0170    0.4250    0.5390    1.8590 
 2025.023947 -309.1460  129.1920  161.7720    0.4620    0.5550    1.9930 
 2025.026685 -308.1150  130.1010  163.0210    0.4490    0.5700    1.9670 
 2025.029422 -308.1760  129.2560  161.2240    0.4290    0.5580    1.8940 
 2025.032160 -308.3290  129.4550  159.5420    0.4180    0.5400    1.7730 
 2025.034898 -308.5320  129.6720  161.1410    0.4680    0.5830    1.9830 
 2025.037636 -309.3350  128.9600  160.2430    0.4630    0.6060    2.0020 
 2025.040374 -310.3070  129.8820  161.2110    0.4910    0.6040    2.0210 
 2025.043112 -309.3650  129.4460  160.3690    0.4690    0.5930    2.0500 
 2025.045849 -309.6900  129.2390  156.4940    0.4910    0.6720    2.1540 
 2025.048587 -308.2560  129.7580  157.8000    0.4350    0.5780    1.9000 
 2025.051325 -308.8460  130.0710  158.0860    0.5370    0.6620    2.2180 
 2025.054063 -308.4740  128.7610  150.9030    0.5390    0.7190    2.2400 
 2025.056801 -306.9950  128.7240  156.9490    0.4810    0.6340    2.1550 
 2025.059539 -308.2200  129.4510  165.3100    0.4940    0.6470    2.1740 
 2025.062277 -309.4970  129.8030  161.8690    0.5250    0.6690    2.1920 
 2025.065014 -309.6920  130.5830  171.5170    0.4260    0.5700    1.9050 
 2025.067752 -308.2330  130.1800  166.4470    0.4180    0.5630    1.8570 
 2025.070490 -309.1500  131.1260  168.4870    0.4230    0.5440    1.8900 
 2025.073228 -310.0520  129.5780  159.1000    0.4730    0.5920    2.0000 
 2025.075966 -309.9920  130.6480  158.5990    0.4620    0.6010    2.1200 
 2025.078704 -308.0160  130.3120  163.3100    0.4270    0.5450    1.8480 
 2025.081442 -308.1570  129.3810  162.7710    0.4130    0.5290    1.8000 
 2025.084179 -308.0860  129.5480  162.1680    0.4130    0.5480    1.8580 
 2025.086917 -310.0810  129.8800  157.7220    0.5270    0.6570    2.1710 
 2025.089655 -308.3980  129.0070  161.3230    0.5120    0.6500    2.1840 
 2025.092393 -308.6200  129.3720  159.1740    0.4020    0.5340    1.8070 
 2025.095131 -310.1510  129.1580  161.1840    0.4100    0.5410    1.8060 
 2025.097869 -308.8910  129.5470  158.5750    0.4140    0.5380    1.8380 
 2025.100607 -308.7800  129.6890  158.3320    0.4210    0.5440    1.8170 
 2025.103344 -307.8430  130.0560  159.9120    0.4010    0.5280    1.7990 
 2025.106082 -309.1510  130.1760  157.2650    0.4460    0.5550    1.9320 
 2025.108820 -309.8410  128.0410  158.5610    0.4640    0.5790    1.9830 
 2025.111558 -310.2830  128.3800  155.5500    0.5130    0.6320    2.2380 
 2025.114296 -309.0660  128.6660  154.2440    0.4970    0.6330    2.1860 
 2025.117034 -307.2610  125.5480  146.4530    0.4830    0.6190    2.0630 
 2025.119771 -310.2500  126.2530  155.5010    0.5150    0.6570    2.2130 
 2025.122509 -310.3000  131.3410  146.4250    0.5470    0.6620    2.4290 
 2025.125247 -309.2040  134.1360  160.2860    0.5130    0.6370    2.1610 
 2025.127985 -310.4200  129.2300  157.1780    0.4390    0.5820    1.9420 
 2025.130723 -310.1080  128.8030  159.8860    0.4640    0.5750    2.0130 
 2025.133461 -310.7150  131.2350  159.7960    0.4700    0.6220    2.0450 
 2025.136199 -312.5730  129.5240  155.2930    0.4920    0.6400    2.1190 
 2025.138936 -310.9670  130.3430  160.0080    0.4290    0.5710    1.9390 
 2025.141674 -309.6330  130.6230  156.8710    0.4420    0.5760    1.9800 
 2025.144412 -309.5590  130.2800  158.8960    0.4240    0.5510    1.8160 
 2025.147150 -310.5010  130.3520  158.7300    0.4160    0.5690    1.8810 
 2025.149888 -309.1050  130.3270  159.2120    0.4540    0.6090    2.0450 
 2025.152626 -309.8380  130.1620  158.0110    0.4270    0.5590    1.8520 
 2025.155364 -309.8280  129.3570  158.6880    0.4590    0.5850    2.0330 
 2025.158101 -311.1030  131.6250  155.7410    0.4990    0.6310    2.1940 
 2025.160839 -310.8500  130.7120  158.4930    0.5010    0.6220    2.2210 
 2025.163577 -310.2430  129.5540  155.1930    0.4800    0.6220    2.0340 
 2025.166315 -309.8710  129.6840  159.7950    0.4050    0.5470    1.8030 
 2025.169053 -310.3540  129.4240  157.4310    0.4120    0.5500    1.8590 
 2025.171791 -310.0760  128.3350  251.7990    0.5620    0.7620    2.7680 
