 % Time         East      North      Up    East_error North_error Up_error 
 % year          mm        mm        mm        mm        mm        mm 
 2024.616007 -201.1200  297.6980  115.9190    0.5560    0.6300    3.3660 
 2024.618745 -201.2440  297.5960  122.5090    0.5350    0.6070    3.2320 
 2024.621483 -202.9580  298.1170  131.7000    0.5490    0.6290    3.3910 
 2024.624220 -201.6620  297.7110  121.9360    0.5560    0.6250    3.3430 
 2024.626958 -202.3210  298.3670  130.9650    0.5510    0.6310    3.3910 
 2024.629696 -202.4610  298.0830  124.8620    0.5510    0.6110    3.3500 
 2024.632434 -200.7920  297.3770  123.9900    0.5490    0.6090    3.2430 
 2024.635172 -199.4160  298.5690  122.9860    0.5510    0.6210    3.3280 
 2024.637910 -199.7470  299.0920  120.8870    0.5330    0.6150    3.2390 
 2024.640648 -199.1990  299.5920  127.6420    0.5460    0.6190    3.3380 
 2024.643385 -199.3470  299.0810  124.7290    0.5360    0.5960    3.1870 
 2024.646123 -199.6840  299.2280  127.6730    0.5570    0.6180    3.3200 
 2024.648861 -201.1220  297.6610  126.8250    0.3970    0.4400    2.2830 
 2024.651599 -201.1160  298.5440  124.6250    0.3970    0.4530    2.3340 
 2024.654337 -200.0150  299.4180  123.1650    0.4030    0.4500    2.3280 
 2024.657075 -199.8710  298.6630  125.3460    0.4100    0.4670    2.3250 
 2024.659813 -200.0590  298.2380  123.2360    0.4080    0.4520    2.3640 
 2024.662550 -200.9750  298.2030  122.7490    0.4320    0.4780    2.4830 
 2024.665288 -199.1220  299.1790  120.6120    0.4100    0.4480    2.3050 
 2024.668026 -200.4380  299.3860  122.1470    0.4030    0.4510    2.3370 
 2024.670764 -200.8700  298.7900  121.7390    0.4010    0.4580    2.3630 
 2024.673502 -202.8000  298.4580  122.8090    0.4170    0.4510    2.3630 
 2024.676240 -200.2060  298.4870  125.6330    0.4190    0.4700    2.4240 
 2024.678977 -199.7370  299.9830  122.7000    0.4100    0.4570    2.3500 
 2024.681715 -202.0480  299.5650  124.9620    0.4030    0.4520    2.3160 
 2024.684453 -202.1490  300.0290  127.9160    0.4250    0.4660    2.4890 
 2024.687191 -202.0060  298.3390  126.0240    0.4300    0.4690    2.4910 
 2024.689929 -203.1680  298.2810  124.3600    0.4280    0.4750    2.4910 
 2024.692667 -203.5830  299.7610  124.6150    0.4110    0.4510    2.3560 
 2024.695405 -204.0900  300.0890  127.9470    0.4130    0.4490    2.3770 
 2024.698142 -202.8420  299.9290  125.1540    0.4710    0.5350    2.7980 
 2024.700880 -201.8340  299.5590  124.6760    0.4540    0.4980    2.5410 
 2024.703618 -201.9760  297.4220  123.8780    0.4270    0.4770    2.4330 
 2024.706356 -201.7170  298.0420  120.7290    0.4520    0.4820    2.5870 
 2024.709094 -200.9880  298.1060  118.8020    0.4400    0.4940    2.5450 
 2024.711832 -200.3250  300.4990  115.1990    0.4140    0.4580    2.3960 
 2024.714570 -201.6100  300.3430  118.7960    0.4420    0.4740    2.5020 
 2024.717307 -202.1650  297.3840  121.3760    0.4340    0.4870    2.5990 
 2024.720045 -201.6810  299.1640  119.5280    0.4100    0.4560    2.3830 
 2024.722783 -201.9320  300.9490  123.0550    0.4090    0.4590    2.3370 
 2024.725521 -201.5820  300.6740  118.0700    0.4220    0.4660    2.4170 
 2024.728259 -201.5980  300.3550  122.0400    0.4320    0.4920    2.5820 
 2024.730997 -201.1980  299.5090  123.8190    0.4450    0.4890    2.5920 
 2024.733735 -201.7590  299.8170  119.3720    0.5530    0.5970    3.0540 
 2024.736472 -203.2830  300.0350  128.9300    0.4250    0.4600    2.3810 
 2024.739210 -202.2340  300.8370  123.9800    0.4330    0.4940    2.5450 
 2024.741948 -201.2290  299.9120  127.0520    0.4680    0.4970    2.7070 
 2024.744686 -200.5820  298.9750  128.0220    0.4340    0.5240    2.6300 
 2024.747424 -201.8710  299.6570  124.3850    0.4650    0.5000    2.6130 
 2024.750162 -201.8640  301.5210  122.4270    0.4520    0.4840    2.5670 
 2024.752899 -201.7470  301.2190  122.7650    0.4610    0.5120    2.6870 
 2024.755637 -201.4110  299.1730  122.5730    0.4580    0.5190    2.7430 
 2024.758375 -200.1810  298.6200  120.5810    0.5510    0.6060    3.1160 
 2024.761113 -200.8960  300.2490  123.3070    0.5130    0.5650    2.9550 
 2024.763851 -202.4280  301.5340  122.6050    0.6060    0.6440    3.4270 
 2024.766589 -202.9890  301.0720  120.1680    0.5420    0.5790    2.9520 
 2024.769327 -202.3290  300.9330  122.3530    0.4620    0.5120    2.7270 
 2024.772064 -204.4840  299.9240  123.1380    0.4430    0.5070    2.6100 
 2024.774802 -203.2070  301.7900  128.3780    0.5410    0.6100    3.0830 
 2024.777540 -204.0390  301.3680  125.6230    0.4040    0.4590    2.3770 
 2024.780278 -203.3890  299.5150  137.9240    0.4800    0.5360    2.8180 
 2024.783016 -204.1020  299.5000  130.1830    0.4320    0.4650    2.4690 
 2024.785754 -204.5210  302.1180  124.1260    0.4870    0.5250    2.7660 
 2024.788501 -201.1040  301.7870  125.2020    0.5690    0.6090    3.1490 
 2024.791229 -200.0780  301.1640  121.8010    0.5520    0.6500    3.1530 
 2024.793967 -201.5870  302.2680  123.9250    0.5170    0.5240    2.7870 
 2024.796705 -203.1850  302.5810  119.6100    0.5040    0.5660    2.9410 
 2024.799443 -201.2820  304.2540  126.7740    0.4890    0.5610    2.9640 
 2024.802181 -201.7010  301.9350  122.0620    0.4150    0.4540    2.3450 
 2024.804919 -201.8520  301.2680  125.4070    0.4640    0.4720    2.4850 
 2024.807656 -201.4460  301.2510  119.8450    0.5010    0.5970    2.8610 
 2024.810394 -200.7070  303.6850  119.9590    0.4440    0.4760    2.5630 
 2024.813132 -200.3950  304.0200  120.2350    0.5000    0.5390    2.7130 
 2024.815870 -201.6760  303.5990  122.3500    0.4400    0.4660    2.4860 
 2024.818608 -202.6370  303.1660  122.5710    0.5410    0.5850    2.9420 
 2024.821346 -203.1840  303.7020  125.7970    0.5470    0.5930    2.9660 
 2024.824084 -202.9040  303.1260  123.8240    0.5910    0.6450    3.3360 
 2024.826821 -201.1840  301.6630  123.6470    0.5100    0.5570    2.9740 
 2024.829559 -202.4720  301.9020  115.3460    0.6970    0.7140    3.6570 
 2024.832297 -201.9440  303.0980  115.5440    0.6730    0.6610    3.5660 
 2024.835035 -203.1430  302.5450  117.3380    0.5900    0.5810    3.1630 
 2024.837773 -201.3480  303.0330  116.4740    0.6420    0.6770    3.4020 
 2024.840511 -203.2290  302.7830  117.3310    0.6350    0.6330    3.5780 
 2024.843249 -201.8130  304.7990  125.1990    0.5360    0.5870    3.0380 
 2024.845986 -201.9290  304.7600  116.4790    0.6930    0.7860    4.1410 
 2024.848724 -201.5740  302.4110  126.7350    0.5590    0.6230    3.0810 
 2024.851462 -201.2700  304.2900  124.3380    0.5260    0.5990    2.9110 
 2024.854200 -201.1080  303.5520  117.3400    0.7470    0.7850    4.1610 
 2024.856947 -201.7480  303.7410  119.8710    0.5100    0.5280    2.7080 
 2024.859676 -201.4700  301.3200  118.2650    0.5120    0.5500    2.7300 
 2024.862413 -202.2920  301.0730  120.2400    0.4510    0.5140    2.6300 
 2024.865151 -202.3200  301.5650  119.3850    0.4260    0.4740    2.4730 
 2024.867889 -203.8280  299.5040  123.6870    0.4460    0.5260    2.6930 
 2024.870627 -204.7900  300.7790  121.7200    0.5070    0.5790    3.0490 
 2024.873365 -203.7910  302.7540  124.2410    0.5260    0.6000    2.9490 
 2024.876103 -203.4310  303.5050  134.5580    0.4240    0.4950    2.5290 
 2024.878841 -203.4560  302.8180  129.1500    0.4430    0.4910    2.5960 
 2024.881578 -204.3350  303.7060  126.2320    0.4190    0.4730    2.5080 
 2024.884316 -203.4670  302.9090  126.7490    0.4620    0.5270    2.5740 
 2024.887054 -205.0160  302.9980  129.3680    0.4150    0.4760    2.4530 
 2024.889792 -206.4570  302.7630  123.9520    0.4860    0.5450    2.8130 
 2024.892530 -204.4170  303.3000  120.4480    0.4820    0.5480    2.7400 
 2024.895268 -204.0710  303.6550  121.6760    0.4330    0.4830    2.4470 
 2024.898006 -203.8950  304.5600  125.8710    0.4400    0.4910    2.5610 
 2024.900743 -203.3200  303.7340  125.1750    0.4880    0.5870    3.0470 
 2024.903481 -203.6840  303.5050  123.6500    0.4490    0.4860    2.6000 
 2024.906219 -203.8710  304.6050  122.3770    0.4860    0.5300    2.8040 
 2024.908957 -203.9450  303.3350  116.7710    0.4580    0.4990    2.6140 
 2024.911695 -202.7930  302.5220  114.1220    0.5520    0.5570    2.8870 
 2024.914433 -202.8890  304.2130  114.0390    0.4820    0.4980    2.7440 
 2024.917171 -205.1800  304.9730  122.0560    0.5120    0.5510    2.9020 
 2024.919908 -204.5890  305.1340  119.2540    0.4730    0.4990    2.7060 
 2024.922646 -204.1760  305.6520  121.4110    0.5240    0.5750    2.8920 
 2024.925384 -203.8090  304.2370  118.7450    0.5260    0.5910    2.9300 
 2024.928122 -203.7070  305.7970  122.5870    0.4200    0.4730    2.4680 
 2024.930860 -203.7280  305.2370  127.1700    0.4400    0.4880    2.5370 
 2024.933598 -203.2190  305.0690  118.7460    0.4550    0.5070    2.6620 
 2024.936335 -202.6070  305.2200  123.9780    0.4250    0.4910    2.5700 
 2024.939073 -201.8380  305.6160  119.5340    0.4890    0.5220    2.7870 
 2024.941811 -205.1210  304.4870  123.0630    0.4260    0.4780    2.4580 
 2024.944549 -205.6810  306.2710  124.1980    0.4150    0.4660    2.4030 
 2024.947287 -206.2820  305.9730  125.5360    0.4020    0.4720    2.3990 
 2024.950025 -205.1120  305.9560  129.8610    0.4170    0.4800    2.4130 
 2024.952763 -204.4960  304.7850  125.1760    0.4190    0.4900    2.4870 
 2024.955500 -205.7010  305.5940  124.9290    0.4090    0.4770    2.4620 
 2024.958238 -206.3270  305.1870  127.2970    0.4050    0.4590    2.3450 
 2024.960976 -204.6610  306.5640  124.1760    0.4460    0.5120    2.6290 
 2024.963714 -205.5650  306.3830  124.8870    0.4700    0.5200    2.7050 
 2024.966452 -204.1780  307.1880  124.2530    0.4340    0.4770    2.5080 
 2024.969190 -204.0470  307.0430  121.1410    0.4870    0.5140    2.6970 
 2024.971928 -204.8800  306.0540  119.0880    0.5110    0.5530    2.8290 
 2024.974665 -206.7720  306.5070  123.0970    0.5500    0.5910    2.9480 
 2024.977403 -204.8310  307.7090  135.1320    0.5380    0.5710    2.9530 
 2024.980141 -203.9970  306.0120  120.6690    0.5070    0.5430    2.7870 
 2024.982879 -203.3380  305.7010  130.0930    0.4460    0.4860    2.6320 
 2024.985617 -204.1030  304.7330  127.3380    0.4320    0.4520    2.3550 
 2024.988355 -203.5600  306.1770  124.6260    0.4120    0.4480    2.3520 
 2024.991092 -205.4900  304.8990  126.1420    0.4110    0.4600    2.3750 
 2024.993830 -206.7230  305.8140  117.0510    0.4180    0.4600    2.4150 
 2024.996568 -206.2160  306.6210  124.7570    0.4390    0.5000    2.5960 
 2024.999306 -205.9290  307.4160  119.7070    0.5060    0.5720    2.8890 
 2025.002044 -206.5650  306.8590  114.6280    0.5390    0.6050    3.0140 
 2025.004782 -206.0590  305.8370  121.2570    0.4960    0.5460    2.7240 
 2025.007520 -205.7430  306.2440  124.6890    0.4660    0.5060    2.6570 
 2025.010257 -205.1830  307.8080  118.8150    0.5890    0.6250    3.1430 
 2025.012995 -205.5680  307.7780  123.6910    0.5030    0.6060    2.8800 
 2025.015733 -205.8650  306.1620  124.0350    0.4790    0.5280    2.6370 
 2025.018471 -206.8680  305.5410  125.5910    0.4650    0.5330    2.6810 
 2025.021209 -206.4820  307.3760  123.6980    0.4200    0.4660    2.4190 
 2025.023947 -205.9480  307.8150  120.3180    0.4290    0.4750    2.4180 
 2025.026685 -205.6050  306.8040  127.5810    0.4410    0.4920    2.5530 
 2025.029422 -205.6350  305.9570  122.1840    0.4060    0.4810    2.4430 
 2025.032160 -204.9520  306.9260  122.5610    0.4080    0.4650    2.3890 
 2025.034898 -203.6960  307.2720  122.0460    0.4580    0.5040    2.5800 
 2025.037636 -204.9350  306.7990  121.4570    0.4630    0.5250    2.7370 
 2025.040374 -205.1420  308.5000  122.5790    0.4810    0.5130    2.6100 
 2025.043112 -204.7280  306.7140  119.1590    0.4480    0.5020    2.5640 
 2025.045849 -205.7280  306.5480  119.5510    0.5070    0.5580    2.9730 
 2025.048587 -205.0930  306.8660  115.2850    0.4510    0.4910    2.6470 
 2025.051325 -206.1830  307.4060  119.4400    0.5460    0.6180    3.0770 
 2025.054063 -206.6530  307.1690  122.5690    0.5230    0.5800    3.0800 
 2025.056801 -204.5930  306.4430  120.7850    0.5790    0.6020    3.2020 
 2025.059539 -203.6840  306.6200  123.8630    0.5440    0.5560    2.9010 
 2025.062277 -204.2490  307.0060  120.3680    0.5480    0.6150    3.1180 
 2025.065014 -203.8540  308.3930  117.1860    0.4640    0.5250    2.7960 
 2025.067752 -204.1500  307.8480  120.9930    0.4490    0.4750    2.6270 
 2025.070490 -204.4800  307.6900  118.6110    0.4130    0.4460    2.3310 
 2025.073228 -204.8690  308.3970  115.4970    0.4750    0.5020    2.6930 
 2025.075966 -205.7620  309.4320  118.8110    0.4870    0.5400    2.6770 
 2025.078704 -203.2620  308.2390  119.7360    0.4130    0.4710    2.3860 
 2025.081442 -202.6920  308.4180  116.7080    0.4130    0.4460    2.3170 
 2025.084179 -202.5100  309.0090  116.7310    0.4240    0.4640    2.4570 
 2025.086917 -201.2630  311.4570  129.0780    0.5420    0.5770    2.9080 
 2025.089655 -204.1010  307.0320  112.0780    0.4510    0.5300    2.7860 
 2025.092393 -204.1620  308.4990  116.9250    0.4550    0.4880    2.5980 
 2025.095131 -205.7700  307.5650  112.4230    0.4490    0.4980    2.6080 
 2025.097869 -206.5880  307.4330  110.3260    0.4720    0.4980    2.6330 
 2025.100607 -205.2230  306.6870  107.9950    0.4690    0.4960    2.6130 
 2025.103344 -206.8550  306.3380  110.7140    0.4260    0.4660    2.4550 
 2025.106082 -208.6690  306.7950  109.9650    0.4340    0.4830    2.4620 
 2025.108820 -208.5330  306.8580  111.9520    0.4830    0.5110    2.6480 
 2025.111558 -209.3580  306.4620  114.4300    0.4580    0.5120    2.6630 
 2025.114296 -209.6590  306.8680  114.7600    0.4460    0.4750    2.4730 
 2025.117034 -210.0980  306.7820  114.5110    0.4660    0.4950    2.5620 
 2025.119771 -212.1130  307.0430  117.0640    0.5390    0.5650    2.9280 
 2025.122509 -210.5210  307.6820  116.7680    0.4890    0.5170    2.7020 
 2025.125247 -209.9720  307.8220  118.3280    0.4960    0.5350    2.7150 
 2025.127985 -211.4450  307.3900  120.8150    0.5180    0.5510    2.8570 
 2025.130723 -211.4110  307.5540  121.8900    0.4520    0.4930    2.5820 
 2025.133461 -210.1140  308.4760  116.5170    0.4850    0.5220    2.7210 
 2025.136199 -209.4880  308.0160  115.1070    0.5200    0.5410    2.9840 
 2025.138936 -208.8770  308.9240  122.4080    0.4470    0.4780    2.6210 
 2025.141674 -206.4790  307.7780  124.6950    0.5030    0.5150    2.6700 
 2025.144412 -206.7960  306.3340  121.6800    0.4600    0.4770    2.5130 
 2025.147150 -206.8440  307.6420  121.8730    0.4540    0.5000    2.7590 
 2025.149888 -206.2530  307.1550  118.4290    0.5500    0.6010    3.0160 
 2025.152626 -207.1070  307.5860  119.5380    0.4710    0.5010    2.6220 
 2025.155364 -206.4110  308.1610  109.7040    0.4860    0.5150    2.6820 
 2025.158101 -207.0200  307.8340  113.2770    0.5020    0.5430    2.8950 
 2025.160839 -209.1010  307.2470  121.3230    0.4990    0.5660    2.8150 
 2025.163577 -209.8790  305.7640  122.2030    0.4760    0.5230    2.7950 
