 % Time         East      North      Up    East_error North_error Up_error 
 % year          mm        mm        mm        mm        mm        mm 
 2024.636113 -293.8730  140.9810  133.3130    1.0480    1.3280    4.8630 
 2024.637910 -295.6350  142.9740  136.3100    0.5700    0.7520    2.5540 
 2024.640648 -295.4820  143.9650  144.7610    0.5710    0.7790    2.7400 
 2024.643385 -295.6350  141.5500  137.1020    0.5850    0.7460    2.7140 
 2024.646123 -295.9630  141.2730  137.1210    0.5640    0.7470    2.5430 
 2024.648861 -296.8610  139.6430  136.3450    0.4090    0.5360    1.8150 
 2024.651599 -294.7410  141.1050  136.4600    0.4160    0.5270    1.8380 
 2024.654337 -295.4930  142.3170  132.8210    0.4090    0.5360    1.8420 
 2024.657075 -295.4330  140.9620  133.4560    0.4280    0.5580    1.8840 
 2024.659813 -294.8710  142.1490  134.5520    0.4130    0.5330    1.8160 
 2024.662550 -294.6900  139.6560  131.8160    0.4310    0.5690    1.9730 
 2024.665288 -293.9630  141.8330  131.4920    0.4250    0.5590    1.8810 
 2024.668026 -294.4660  140.8450  134.3830    0.4110    0.5450    1.8220 
 2024.670764 -295.9080  140.0270  133.6170    0.4160    0.5400    1.8490 
 2024.673502 -295.4590  140.8390  133.1120    0.4110    0.5460    1.8380 
 2024.676240 -294.0120  140.6450  131.8610    0.4140    0.5410    1.7700 
 2024.678977 -294.9020  142.7230  134.3300    0.4160    0.5440    1.8310 
 2024.681715 -297.3280  142.5220  132.3160    0.4030    0.5350    1.8050 
 2024.684453 -295.4780  142.3640  134.2560    0.4090    0.5470    1.8050 
 2024.687191 -295.6770  141.2520  131.6750    0.4060    0.5470    1.7800 
 2024.689929 -295.4560  140.6440  130.0560    0.4390    0.5830    1.9400 
 2024.692667 -296.7630  142.6890  131.7360    0.4050    0.5340    1.7610 
 2024.695405 -297.4000  141.2880  131.9120    0.4140    0.5300    1.8000 
 2024.698142 -296.2630  141.1830  130.1640    0.4710    0.6080    2.2640 
 2024.700880 -295.8890  142.3790  128.4150    0.4960    0.6310    2.1950 
 2024.703618 -295.2180  140.3570  130.5850    0.4270    0.5640    1.9260 
 2024.706356 -294.3260  140.1920  128.4440    0.4460    0.5520    1.9520 
 2024.709094 -295.1680  141.5390  133.4590    0.4390    0.5760    2.0280 
 2024.711832 -295.7990  143.4180  128.0480    0.4560    0.5750    2.0130 
 2024.714570 -295.6340  143.2590  133.5890    0.4330    0.5560    1.8460 
 2024.717307 -294.2490  142.0790  128.4840    0.5040    0.6100    2.2030 
 2024.720045 -293.7160  142.4450  128.1580    0.3980    0.5190    1.7320 
 2024.722783 -294.7150  142.4690  133.8230    0.4220    0.5610    1.8450 
 2024.725521 -295.5360  144.5900  132.9140    0.4100    0.5530    1.8200 
 2024.728259 -295.4220  143.0860  135.0650    0.4310    0.5600    1.9150 
 2024.730997 -294.3680  142.7100  132.6300    0.4160    0.5440    1.8730 
 2024.733735 -295.9340  142.3870  135.3460    0.5470    0.6820    2.4650 
 2024.736472 -296.1840  142.0990  133.0110    0.4320    0.5450    1.9470 
 2024.739210 -297.2450  141.6680  135.1440    0.4300    0.5650    1.9880 
 2024.741948 -296.7930  143.3320  139.4240    0.4270    0.5470    1.8510 
 2024.744686 -296.4170  142.6100  132.1630    0.4220    0.5670    1.9860 
 2024.747424 -298.0420  143.4570  129.9670    0.4550    0.6010    1.9770 
 2024.750162 -297.0730  142.8070  133.0280    0.4050    0.5390    1.7820 
 2024.752899 -296.2920  144.4520  133.1930    0.4410    0.5960    1.9420 
 2024.755637 -295.0020  143.5740  136.9240    0.4410    0.5880    1.9980 
 2024.758375 -295.0370  141.5480  131.4080    0.4810    0.6500    2.0920 
 2024.761113 -295.4520  142.9050  130.3240    0.4440    0.5930    1.9180 
 2024.763851 -296.1180  143.5460  128.9430    0.4760    0.6390    2.0080 
 2024.766589 -296.6350  144.3950  134.4840    0.5330    0.7000    2.3130 
 2024.769327 -297.8750  144.8870  130.4110    0.5260    0.6350    2.2990 
 2024.772064 -297.8170  142.7680  133.8440    0.4510    0.5770    2.0770 
 2024.774802 -296.6550  144.3540  131.2700    0.5110    0.6580    2.1500 
 2024.777540 -299.4180  143.8180  128.9130    0.4690    0.5750    2.0530 
 2024.780278 -296.6340  142.7820  133.2920    0.4230    0.5570    1.8320 
 2024.783016 -297.2510  141.7890  133.6250    0.4000    0.5200    1.7720 
 2024.785754 -299.3890  143.1610  135.1750    0.4280    0.5430    1.8370 
 2024.788492 -297.9030  142.7270  138.6050    0.4880    0.6530    2.0370 
 2024.791229 -297.0830  142.7610  132.7620    0.4890    0.6240    2.0900 
 2024.793967 -298.3660  142.5590  133.0770    0.4470    0.5740    1.9320 
 2024.796705 -299.9690  143.8020  137.5490    0.4930    0.6290    2.0670 
 2024.799443 -297.9750  144.2150  135.8710    0.4830    0.6190    2.0650 
 2024.802181 -298.3110  144.1770  137.1840    0.4490    0.5810    1.9220 
 2024.804919 -298.9440  143.9780  135.4270    0.4240    0.5430    1.8470 
 2024.807656 -298.9330  142.4770  136.3420    0.5140    0.6710    2.2370 
 2024.810394 -298.0020  144.4590  135.6990    0.4090    0.5370    1.8020 
 2024.813132 -299.2530  144.6610  135.0440    0.4590    0.6040    2.0190 
 2024.815870 -299.7490  144.5000  137.2010    0.4180    0.5500    1.8510 
 2024.818608 -299.0010  144.0080  137.3650    0.4470    0.6210    1.9600 
 2024.821346 -300.4000  144.4770  136.0490    0.4630    0.6340    1.9580 
 2024.824084 -298.8850  143.6830  134.2340    0.4650    0.6260    2.0230 
 2024.826821 -297.0450  143.4990  136.0540    0.5060    0.6540    2.1850 
 2024.829559 -297.4030  144.0090  137.3000    0.5030    0.6830    2.1180 
 2024.832297 -298.9440  143.4570  137.8460    0.4540    0.6110    1.9530 
 2024.835035 -300.8170  144.1580  134.5060    0.4560    0.6160    1.9880 
 2024.837773 -299.0880  143.8860  131.8700    0.5000    0.7140    2.2280 
 2024.840511 -299.5430  144.3060  134.5080    0.4670    0.6310    1.9800 
 2024.843249 -298.9950  144.6810  137.0440    0.4850    0.6530    2.0630 
 2024.845986 -297.9960  144.9030  135.7600    0.5210    0.7130    2.1710 
 2024.848724 -298.5460  144.4960  133.8460    0.4840    0.6290    2.0290 
 2024.851462 -299.5670  145.7750  138.6520    0.4780    0.5970    2.0430 
 2024.854200 -298.0740  144.7600  136.9740    0.4730    0.6520    2.0650 
 2024.856938 -298.9790  145.6010  137.4270    0.5580    0.7150    2.4920 
 2024.859676 -297.7440  143.2890  133.6200    0.5260    0.6730    2.2860 
 2024.862413 -298.6260  142.4340  131.6710    0.4540    0.5800    1.9830 
 2024.865151 -299.2740  142.7190  136.2410    0.4000    0.5300    1.7760 
 2024.867889 -299.3530  143.2610  132.7720    0.4270    0.5490    1.8470 
 2024.870627 -300.0930  142.7860  135.8330    0.4930    0.6180    2.1140 
 2024.873365 -298.9070  143.7990  135.3620    0.4850    0.6400    2.2150 
 2024.876103 -298.4350  144.2780  132.8970    0.4100    0.5260    1.7690 
 2024.878841 -297.5210  143.4340  135.8390    0.4090    0.5330    1.7660 
 2024.881578 -297.9370  145.2190  132.5760    0.4100    0.5330    1.8050 
 2024.884316 -297.2440  145.0490  133.0410    0.4590    0.5840    2.0680 
 2024.887054 -298.8290  143.4080  134.3050    0.4240    0.5530    1.8550 
 2024.889792 -305.3810  143.3430  140.3180    0.4610    0.6060    1.9330 
 2024.892530 -302.2730  144.2240  139.1380    0.4830    0.6240    2.0290 
 2024.895268 -300.4650  144.4360  137.9500    0.4270    0.5610    1.8030 
 2024.898006 -300.5620  144.8650  140.2320    0.4230    0.5560    1.8130 
 2024.900743 -302.2710  144.4470  142.7890    0.5340    0.6870    2.1930 
 2024.903481 -300.8040  143.5040  137.2690    0.4430    0.5850    1.9270 
 2024.906219 -300.1220  145.6490  137.2570    0.4620    0.6070    1.9460 
 2024.908957 -300.0120  143.7170  133.5880    0.4380    0.5780    1.9370 
 2024.911695 -299.0180  144.9740  132.1150    0.4560    0.5870    1.9760 
 2024.914433 -298.8030  145.4880  129.0900    0.4490    0.5850    1.9140 
 2024.917171 -301.9540  145.4890  133.6980    0.4360    0.5610    1.8390 
 2024.919908 -301.1130  144.7530  133.3980    0.4400    0.5750    1.9090 
 2024.922646 -301.5750  144.8640  134.3350    0.4890    0.6200    2.0620 
 2024.925384 -300.9280  144.1950  132.4150    0.5110    0.6700    2.0710 
 2024.928122 -301.3520  146.0200  134.8150    0.4260    0.5420    1.8530 
 2024.930860 -300.4520  145.0000  135.5650    0.4360    0.5760    1.8460 
 2024.933598 -300.4630  146.3640  134.3770    0.4470    0.5810    1.9730 
 2024.936335 -301.0250  146.3530  134.4440    0.4390    0.5460    1.8790 
 2024.939073 -300.3430  145.8970  130.5020    0.5030    0.6450    2.2920 
 2024.941811 -300.9230  145.1580  134.0990    0.4280    0.5550    1.8480 
 2024.944549 -302.0420  146.0610  128.3080    0.4460    0.5720    1.9390 
 2024.947287 -301.5660  144.8780  134.4330    0.4310    0.5670    1.9240 
 2024.950025 -302.6180  146.2940  135.0260    0.4110    0.5250    1.7540 
 2024.952763 -301.8460  143.9510  137.8520    0.4720    0.5850    1.9900 
 2024.955500 -303.2910  145.8540  134.9990    0.4520    0.5470    1.9190 
 2024.958238 -303.3660  144.5580  135.1290    0.4320    0.5440    1.8250 
 2024.960986 -302.9920  147.3510  136.1500    0.4970    0.6060    2.0970 
 2024.963714 -304.0630  145.5950  136.2830    0.4900    0.6110    2.0650 
 2024.966452 -303.5000  145.1980  132.4050    0.4380    0.5780    1.8980 
 2024.969190 -302.7310  145.4890  135.4090    0.4710    0.6000    1.9780 
 2024.971937 -303.2890  145.1430  134.4270    0.4860    0.6210    2.0510 
 2024.974665 -303.2380  144.7400  135.6910    0.5090    0.6500    2.1160 
 2024.977403 -303.3430  145.0110  139.3880    0.4990    0.6460    1.9800 
 2024.980141 -302.3100  144.0550  137.2840    0.4770    0.5960    1.9850 
 2024.982879 -302.3570  145.8250  138.2580    0.4550    0.5990    1.9520 
 2024.985617 -302.1450  144.4340  137.7040    0.4160    0.5560    1.8020 
 2024.988355 -301.0080  145.7170  134.2700    0.4140    0.5390    1.8110 
 2024.991092 -301.3700  144.7080  133.4910    0.4230    0.5460    1.8110 
 2024.993830 -301.5070  144.7800  132.4820    0.4310    0.5690    1.9030 
 2024.996568 -302.1240  146.2690  133.5640    0.4150    0.5560    1.8110 
 2024.999306 -303.0290  146.5880  131.1730    0.4820    0.6270    2.0480 
 2025.002044 -303.0240  145.9350  129.6690    0.5610    0.6980    2.3950 
 2025.004782 -302.4700  145.9070  132.5230    0.4990    0.5990    2.0840 
 2025.007520 -302.1220  146.3160  133.4970    0.4250    0.5630    1.7810 
 2025.010257 -302.6880  146.8710  132.1570    0.5700    0.7550    2.4310 
 2025.012995 -302.7940  147.3170  134.2340    0.5590    0.6820    2.3030 
 2025.015733 -303.3020  145.3460  131.7810    0.4420    0.5580    1.8800 
 2025.018471 -302.6170  143.6810  132.9480    0.4900    0.6100    2.1160 
 2025.021209 -304.0090  144.5720  134.5410    0.4250    0.5420    1.8480 
 2025.023947 -303.2410  145.4880  135.2080    0.4630    0.5610    1.9730 
 2025.026685 -302.7880  146.4470  135.7390    0.4500    0.5800    2.0030 
 2025.029422 -302.2140  145.4560  134.9540    0.4310    0.5520    1.8740 
 2025.032160 -302.7720  146.3530  133.6030    0.4240    0.5420    1.7920 
 2025.034898 -302.8710  145.8330  134.1920    0.4700    0.5820    2.0180 
 2025.037636 -304.0190  145.0400  132.4720    0.4720    0.6050    1.9700 
 2025.040374 -305.0910  146.1270  131.3210    0.5020    0.6100    2.0670 
 2025.043112 -303.1010  145.6850  131.6970    0.4730    0.5850    2.0110 
 2025.045849 -304.2360  144.7820  128.8530    0.4950    0.6580    2.1460 
 2025.048587 -302.8390  146.3480  128.6130    0.4330    0.5790    1.9100 
 2025.051325 -304.5370  147.2300  128.7160    0.5380    0.6520    2.2090 
 2025.054063 -304.2590  146.4450  127.9860    0.5410    0.7020    2.2880 
 2025.056801 -302.8480  144.3310  134.0670    0.4810    0.6370    2.1400 
 2025.059539 -301.4610  144.1140  132.3850    0.4930    0.6430    2.1050 
 2025.062277 -304.2620  145.9020  132.5750    0.5180    0.6540    2.1230 
 2025.065014 -302.6970  146.7550  133.7800    0.4250    0.5640    1.8580 
 2025.067752 -302.7650  145.8670  132.0220    0.4120    0.5570    1.8290 
 2025.070490 -303.7540  145.9820  131.7940    0.4200    0.5360    1.7960 
 2025.073228 -303.6840  146.4860  132.8560    0.4630    0.5730    1.9710 
 2025.075966 -303.9520  147.0610  130.6420    0.4590    0.5850    2.0970 
 2025.078704 -302.1400  147.2180  132.3590    0.4240    0.5370    1.8050 
 2025.081442 -301.2490  147.0520  133.2210    0.4060    0.5190    1.7590 
 2025.084179 -303.1690  148.6030  128.5180    0.4150    0.5530    1.8420 
 2025.086917 -304.4130  146.6460  132.5670    0.5240    0.6480    2.2490 
 2025.089655 -303.0530  144.8800  129.4950    0.5110    0.6220    2.1190 
 2025.092393 -303.0940  145.2770  132.2490    0.4000    0.5230    1.7490 
 2025.095131 -304.8410  144.4190  131.0060    0.4090    0.5380    1.7730 
 2025.097869 -303.4640  144.5330  128.1910    0.4140    0.5300    1.7820 
 2025.100607 -303.2560  144.8760  129.4500    0.4250    0.5400    1.7960 
 2025.103344 -302.4340  145.5710  133.5710    0.3960    0.5280    1.7600 
 2025.106082 -303.7350  146.3200  128.3110    0.4410    0.5510    1.9050 
 2025.108820 -304.6370  145.9980  125.8910    0.4670    0.5880    2.0030 
 2025.111558 -304.4660  144.7280  124.5860    0.5190    0.6380    2.2530 
 2025.114296 -302.1830  148.3860  127.8990    0.4930    0.6270    2.1340 
 2025.117034 -301.8920  146.3710  126.0880    0.4820    0.6100    2.0260 
 2025.119771 -304.8170  145.4650  124.5450    0.5110    0.6540    2.2350 
 2025.122509 -305.0970  147.9520  125.5850    0.5320    0.6550    2.3700 
 2025.125247 -303.2320  146.1220  117.9630    0.5160    0.6380    2.1880 
 2025.127985 -304.0090  145.3870  124.5080    0.4350    0.5800    1.9500 
 2025.130723 -304.5900  145.3430  129.4240    0.4510    0.5640    1.9390 
 2025.133461 -304.1610  146.4970  130.8960    0.4640    0.6110    2.0120 
 2025.136199 -306.6440  146.0410  129.2460    0.4950    0.6290    2.0940 
 2025.138936 -305.9860  145.7930  129.8450    0.4320    0.5610    1.9120 
 2025.141674 -304.1520  146.6720  129.7930    0.4390    0.5750    1.9270 
 2025.144412 -304.0460  145.7190  130.8670    0.4250    0.5400    1.7820 
 2025.147150 -304.6040  146.4740  131.2080    0.4120    0.5620    1.8320 
 2025.149888 -303.4160  146.4170  129.2690    0.4460    0.5780    1.9920 
 2025.152626 -304.5150  145.8030  128.9970    0.4250    0.5530    1.8020 
 2025.155364 -305.2520  146.2460  124.0810    0.4570    0.5830    1.9950 
 2025.158101 -305.7720  147.1370  129.2430    0.4930    0.6080    2.1220 
 2025.160839 -305.0940  146.5410  131.2140    0.5170    0.6340    2.1940 
 2025.163577 -304.2880  145.9800  128.7340    0.4860    0.6320    2.0290 
 2025.166315 -304.3320  145.7850  131.1040    0.4070    0.5410    1.7720 
 2025.169053 -305.1620  146.4500  131.5990    0.4070    0.5490    1.8200 
 2025.171791 -304.8070  147.1840  213.1570    0.5560    0.7790    2.7640 
