 % Time         East      North      Up    East_error North_error Up_error 
 % year          mm        mm        mm        mm        mm        mm 
 2024.648861 -280.1410  209.1670  237.4400    0.4170    0.5900    1.6800 
 2024.651599 -280.3620  208.9920  237.4320    0.4200    0.5920    1.6800 
 2024.654337 -279.6640  210.0540  235.2910    0.4100    0.5780    1.6710 
 2024.657075 -280.4340  209.2210  238.3930    0.4470    0.6240    1.8160 
 2024.659813 -279.2280  208.0350  239.8750    0.4300    0.5890    1.6940 
 2024.662550 -279.7860  208.4120  235.9070    0.4290    0.6150    1.7910 
 2024.665288 -278.2580  210.1360  230.8360    0.4350    0.6150    1.7530 
 2024.668026 -278.7230  209.0510  234.9980    0.4220    0.5940    1.6980 
 2024.670764 -279.8820  209.3080  237.6700    0.4260    0.5940    1.7110 
 2024.673502 -280.1210  209.0610  235.6090    0.4260    0.6020    1.7220 
 2024.676240 -280.3190  209.3490  237.2000    0.4230    0.5960    1.7040 
 2024.678977 -279.0850  210.9080  235.7080    0.4200    0.5870    1.7070 
 2024.681715 -281.3430  210.1870  235.1970    0.4090    0.5840    1.6790 
 2024.684453 -281.3850  209.7720  237.4310    0.4100    0.5810    1.6710 
 2024.687191 -281.2840  209.5220  234.8470    0.4150    0.5790    1.6460 
 2024.689929 -281.2080  210.4020  235.1170    0.4050    0.5850    1.6600 
 2024.692667 -282.2970  211.0330  234.3900    0.4080    0.5730    1.6410 
 2024.695405 -283.3300  211.3430  235.9070    0.4100    0.5800    1.6340 
 2024.698142 -282.4540  211.5470  233.5350    0.4290    0.6000    1.7720 
 2024.700880 -280.9150  210.5790  233.4680    0.4300    0.6160    1.7390 
 2024.703618 -281.1600  209.5760  236.1930    0.4200    0.5910    1.6990 
 2024.706356 -280.7660  210.0380  235.4580    0.4160    0.5770    1.6550 
 2024.709094 -280.6290  210.1680  234.7720    0.4090    0.5830    1.6680 
 2024.711832 -280.7160  211.8420  235.6080    0.4320    0.6000    1.7920 
 2024.714570 -281.0300  212.5380  234.7840    0.4360    0.5970    1.7000 
 2024.717307 -280.0380  211.4920  234.6060    0.4120    0.5920    1.7060 
 2024.720045 -279.7700  211.2740  234.3570    0.4070    0.5730    1.6400 
 2024.722783 -281.8910  212.0660  232.6150    0.4110    0.5830    1.6510 
 2024.725521 -281.9130  212.0650  230.5300    0.4130    0.5800    1.6630 
 2024.728259 -281.8510  211.6930  235.3000    0.4020    0.5650    1.6180 
 2024.730997 -281.1610  211.1700  236.8400    0.4080    0.5700    1.6260 
 2024.733735 -281.0010  209.8850  237.3630    0.4310    0.6140    1.7670 
 2024.736472 -282.0280  211.7220  233.4390    0.4080    0.5780    1.6710 
 2024.739210 -282.3400  212.1080  236.5100    0.4100    0.5740    1.6600 
 2024.741948 -280.5390  211.8660  241.0380    0.4120    0.5740    1.6270 
 2024.744686 -279.8630  211.4350  239.2330    0.4140    0.5890    1.7170 
 2024.747424 -281.4650  210.9200  235.7970    0.4190    0.5990    1.7230 
 2024.750162 -281.9380  212.2780  234.7370    0.4090    0.5800    1.6310 
 2024.752899 -282.0300  212.3680  238.7920    0.4130    0.5870    1.6800 
 2024.755637 -281.6820  211.7600  239.6350    0.4040    0.5700    1.6450 
 2024.758375 -280.8540  211.7070  236.2680    0.4140    0.5950    1.6920 
 2024.761113 -280.7140  212.4600  237.6500    0.4110    0.5780    1.6350 
 2024.763851 -282.1760  212.3080  238.3370    0.4190    0.5920    1.7240 
 2024.766589 -283.3120  213.0970  238.5960    0.4370    0.6220    1.7740 
 2024.769327 -282.7090  213.7150  234.4380    0.4470    0.6130    1.8170 
 2024.772064 -283.2490  212.8140  239.6630    0.4180    0.5870    1.7040 
 2024.774802 -281.9890  213.1200  236.8220    0.4480    0.6300    1.8350 
 2024.777540 -283.3950  213.8250  237.7340    0.4660    0.6560    1.8690 
 2024.780278 -279.9260  211.7180  237.5910    0.4120    0.5790    1.6550 
 2024.783016 -280.5680  211.7950  234.0800    0.4010    0.5650    1.6100 
 2024.785754 -282.4950  212.3850  239.3090    0.4030    0.5730    1.6180 
 2024.788492 -281.9570  211.7760  238.9470    0.4220    0.5820    1.6690 
 2024.791229 -280.9440  211.5890  236.2220    0.4210    0.5850    1.7190 
 2024.793967 -281.5550  211.8790  236.0650    0.4130    0.5750    1.6600 
 2024.796705 -283.9030  211.3940  241.2130    0.4220    0.5920    1.6800 
 2024.799443 -281.7400  213.7700  236.8750    0.4310    0.6100    1.7940 
 2024.802181 -282.3600  212.6290  240.8260    0.4090    0.5770    1.6480 
 2024.804919 -281.7080  212.1570  238.1880    0.4070    0.5710    1.6190 
 2024.807656 -281.7600  211.4360  238.9360    0.4170    0.5900    1.6890 
 2024.810394 -282.0770  213.1770  239.3310    0.4120    0.5730    1.6530 
 2024.813132 -282.3670  213.4740  239.4860    0.4150    0.5890    1.6910 
 2024.815870 -283.3730  213.2320  239.1950    0.4120    0.5770    1.6530 
 2024.818608 -283.0200  212.6340  241.1000    0.4210    0.5920    1.7430 
 2024.821346 -283.9810  213.7160  239.4660    0.4130    0.5810    1.6670 
 2024.824084 -283.2060  212.9270  236.3940    0.4090    0.5830    1.6580 
 2024.826821 -282.2050  212.3730  237.8710    0.4190    0.6000    1.7230 
 2024.829559 -282.2380  213.3860  240.3610    0.4130    0.5950    1.7440 
 2024.832297 -284.0400  212.6560  238.7630    0.4240    0.6030    1.7340 
 2024.835035 -285.4440  213.5730  238.9030    0.4310    0.5960    1.7250 
 2024.837773 -283.5690  212.3590  241.6840    0.4190    0.5990    1.7570 
 2024.840511 -283.1150  213.7420  234.8640    0.4350    0.6100    1.7710 
 2024.843249 -282.6730  214.0420  234.1840    0.4410    0.6330    1.7730 
 2024.845986 -281.6480  215.3770  239.2290    0.4230    0.6010    1.7660 
 2024.848724 -281.8410  213.9390  240.1400    0.4150    0.5860    1.6800 
 2024.851462 -282.7920  214.8030  238.6270    0.4260    0.5890    1.6830 
 2024.854200 -282.4910  214.7710  234.9690    0.4400    0.6070    1.8120 
 2024.856938 -283.4850  213.5100  244.4030    0.4710    0.6470    1.8980 
 2024.859676 -282.8660  213.0520  241.2850    0.4610    0.6240    1.8390 
 2024.862413 -281.0240  212.1150  233.9720    0.4140    0.5750    1.6580 
 2024.865151 -283.5790  212.2610  239.3220    0.4050    0.5720    1.6470 
 2024.867889 -283.9140  212.1870  238.3960    0.4110    0.5830    1.6530 
 2024.870627 -284.8660  213.3230  245.9200    0.4390    0.6120    1.8400 
 2024.873365 -284.3100  215.1690  234.5140    0.4140    0.5920    1.7260 
 2024.876103 -284.6370  215.5650  240.9570    0.4130    0.5770    1.6320 
 2024.878841 -284.1800  214.3900  242.5720    0.4060    0.5730    1.6100 
 2024.881578 -284.5310  216.0210  238.1340    0.4070    0.5750    1.6440 
 2024.884316 -284.4530  215.1420  241.3300    0.4120    0.5780    1.6470 
 2024.887054 -285.9610  214.2030  241.1740    0.4100    0.5800    1.6460 
 2024.889792 -285.2580  212.9990  244.2680    0.4240    0.5980    1.7160 
 2024.892530 -284.4320  213.1580  238.1080    0.4080    0.5850    1.6850 
 2024.895268 -284.9100  214.8000  240.5690    0.4060    0.5770    1.6200 
 2024.898006 -285.5120  214.9370  245.9440    0.4150    0.5790    1.6520 
 2024.900743 -284.7450  214.8540  242.0260    0.4180    0.5990    1.7410 
 2024.903481 -284.9640  213.6970  242.9450    0.4130    0.5830    1.6870 
 2024.906219 -284.5860  215.7190  241.1360    0.4130    0.5860    1.6750 
 2024.908957 -285.1510  214.5690  238.0560    0.4090    0.5830    1.6700 
 2024.911695 -283.3360  214.9080  240.6070    0.4060    0.5700    1.6420 
 2024.914433 -283.8780  216.5650  236.0590    0.4190    0.5970    1.6700 
 2024.917171 -286.4980  215.3800  240.5090    0.4180    0.5820    1.6530 
 2024.919908 -286.2270  213.2210  237.3620    0.4130    0.5820    1.6530 
 2024.922646 -285.2280  215.0300  239.1320    0.4070    0.5740    1.6250 
 2024.925384 -284.6110  214.4290  236.6790    0.4050    0.5740    1.6370 
 2024.928122 -285.9700  216.8640  241.4980    0.4070    0.5730    1.6520 
 2024.930860 -285.3040  215.4970  240.7320    0.4140    0.5740    1.6310 
 2024.933598 -284.3620  216.3270  240.1680    0.4060    0.5750    1.6230 
 2024.936335 -284.8270  216.3490  240.3100    0.4070    0.5740    1.6400 
 2024.939073 -283.8820  216.5950  238.1110    0.4210    0.5940    1.6990 
 2024.941811 -286.6440  216.8330  238.8050    0.4010    0.5720    1.6050 
 2024.944549 -286.3240  215.8070  240.4260    0.4130    0.5730    1.6450 
 2024.947287 -286.7540  215.4880  238.4610    0.4100    0.5810    1.6660 
 2024.950025 -283.7740  215.0500  242.6020    0.4080    0.5680    1.6110 
 2024.952763 -280.9870  209.3800  247.1920    0.4100    0.5750    1.6410 
 2024.955500 -282.1890  212.0430  240.9240    0.4080    0.5730    1.6590 
 2024.958238 -284.5720  212.6670  241.5480    0.4080    0.5670    1.6120 
 2024.960976 -286.5080  217.0820  243.9120    0.4170    0.5880    1.6570 
 2024.963714 -287.3150  216.5230  242.8910    0.4170    0.5900    1.6800 
 2024.966452 -286.3650  216.4830  239.7600    0.4180    0.5880    1.6770 
 2024.969190 -286.4400  216.1230  241.0630    0.4130    0.5830    1.6460 
 2024.971928 -286.9020  214.9300  240.7120    0.4270    0.5940    1.7340 
 2024.974665 -287.4760  214.8010  240.2460    0.4230    0.6110    1.7560 
 2024.977403 -286.3710  216.8310  242.2370    0.4340    0.6060    1.7260 
 2024.980141 -286.8610  214.5210  240.3690    0.4280    0.6050    1.7200 
 2024.982879 -284.3390  215.6880  245.7080    0.4160    0.5900    1.7060 
 2024.985617 -286.0030  216.7650  240.6850    0.4140    0.5720    1.6280 
 2024.988355 -285.6570  216.6580  237.7520    0.4120    0.5770    1.6360 
 2024.991092 -286.8270  215.4640  236.1110    0.4130    0.5770    1.6550 
 2024.993830 -287.5900  216.0590  237.9680    0.4130    0.5860    1.6850 
 2024.996568 -288.0300  217.6100  238.4330    0.4090    0.5730    1.6190 
 2024.999306 -288.4740  216.9530  236.9850    0.4320    0.5910    1.7180 
 2025.002044 -289.3280  217.6540  235.8960    0.4750    0.6570    1.9260 
 2025.004782 -288.0040  217.5410  238.4810    0.4200    0.5960    1.6640 
 2025.007520 -288.2780  217.7790  239.6750    0.4150    0.5860    1.6750 
 2025.010257 -288.2480  218.3240  236.5580    0.4580    0.6390    1.9130 
 2025.012995 -288.0230  217.7660  239.6460    0.4170    0.5910    1.6820 
 2025.015733 -288.6990  216.4740  239.0850    0.4110    0.5790    1.6410 
 2025.018471 -288.4660  214.9890  241.2920    0.4220    0.5880    1.7050 
 2025.021209 -288.9310  216.9480  241.9980    0.4120    0.5830    1.6610 
 2025.023947 -288.9620  215.3480  242.1890    0.4140    0.5830    1.6330 
 2025.026685 -287.1580  217.0210  239.1250    0.4260    0.5920    1.6920 
 2025.029422 -286.1530  217.1460  238.3680    0.4160    0.5830    1.6860 
 2025.032160 -286.3380  216.4090  236.4170    0.4180    0.5750    1.6400 
 2025.034898 -286.3850  216.9670  233.2350    0.4250    0.5930    1.7020 
 2025.037636 -286.9790  215.6340  237.8180    0.4160    0.5920    1.7050 
 2025.040374 -287.5700  216.9250  238.6760    0.4230    0.5830    1.6730 
 2025.043112 -286.5400  216.2170  238.3310    0.4150    0.5820    1.6580 
 2025.045849 -287.3930  216.3620  236.9300    0.4370    0.6110    1.7950 
 2025.048587 -286.1910  217.9140  236.4340    0.4190    0.5920    1.6930 
 2025.051325 -288.1290  218.1810  236.6360    0.4260    0.6010    1.7400 
 2025.054063 -289.0780  217.9180  238.8820    0.4250    0.6030    1.7410 
 2025.056801 -285.8400  217.2270  242.8940    0.4270    0.6040    1.7550 
 2025.059539 -285.7170  215.6850  239.0980    0.4420    0.6120    1.7660 
 2025.062277 -286.7210  216.2970  240.2920    0.4210    0.5990    1.7300 
 2025.065014 -287.2120  216.0880  238.3250    0.4240    0.5960    1.7600 
 2025.067752 -286.3500  216.7800  237.0020    0.4180    0.5880    1.7030 
 2025.070490 -285.6660  217.6320  237.2320    0.4070    0.5720    1.6170 
 2025.073228 -287.8080  217.1050  237.9000    0.4160    0.5870    1.7030 
 2025.075966 -288.1570  217.5840  239.1550    0.4240    0.6040    1.7490 
 2025.078704 -285.6710  217.2670  239.5130    0.4180    0.5790    1.6860 
 2025.081442 -286.2340  215.4770  234.0930    0.4180    0.5780    1.6760 
 2025.084179 -286.4430  216.3190  232.7920    0.4120    0.5870    1.6840 
 2025.086917 -287.2410  216.3990  232.0860    0.4210    0.5890    1.7170 
 2025.089655 -286.2440  215.1940  234.9250    0.4100    0.5820    1.6720 
 2025.092393 -286.6980  215.9750  233.6820    0.4100    0.5770    1.6510 
 2025.095131 -287.4940  215.4130  234.0640    0.4090    0.5730    1.6560 
 2025.097869 -286.9370  216.4620  236.4540    0.4050    0.5690    1.6340 
 2025.100607 -286.4500  216.8390  235.8760    0.4000    0.5650    1.6160 
 2025.103344 -287.5800  217.7890  239.2900    0.4060    0.5780    1.6600 
 2025.106082 -288.0430  219.1830  234.6670    0.4040    0.5760    1.6320 
 2025.108820 -288.1150  217.5180  232.9740    0.4110    0.5720    1.6650 
 2025.111558 -288.7210  217.4340  236.4870    0.4300    0.5950    1.7280 
 2025.114296 -286.7310  218.5500  235.4870    0.4250    0.5820    1.6900 
 2025.117034 -290.6450  215.4750  233.3070    0.4060    0.5730    1.6400 
 2025.119771 -293.3230  216.2650  234.2620    0.4250    0.5970    1.7310 
 2025.122509 -290.9170  218.5490  235.5380    0.4210    0.5930    1.7150 
 2025.125247 -292.1600  217.1740  235.0570    0.4240    0.5980    1.7140 
 2025.127985 -294.4400  218.1480  231.7050    0.4230    0.5810    1.7220 
 2025.130723 -292.1930  217.6700  236.9530    0.4130    0.5810    1.6720 
 2025.133461 -289.9200  219.8440  231.3350    0.4200    0.5800    1.6890 
 2025.136199 -293.8820  216.4970  234.6620    0.4320    0.5970    1.7370 
 2025.138936 -288.7850  216.5690  235.8180    0.4180    0.5820    1.6750 
 2025.141674 -288.1220  218.3160  234.8250    0.4150    0.5770    1.6780 
 2025.144412 -288.0720  216.6060  233.2040    0.4090    0.5690    1.6220 
 2025.147150 -288.6220  218.7140  234.1330    0.4140    0.5700    1.6640 
 2025.149888 -287.1960  217.7290  231.5610    0.4180    0.5810    1.7070 
 2025.152626 -287.5900  217.7360  228.7050    0.4210    0.5750    1.6650 
 2025.155364 -288.6980  218.5320  230.0280    0.4120    0.5800    1.6800 
 2025.158101 -289.1380  219.4100  232.4180    0.4170    0.5840    1.6770 
 2025.160839 -287.0720  217.2910  230.9060    0.4080    0.5830    1.6500 
 2025.163577 -288.2420  217.5970  229.7410    0.4030    0.5640    1.6370 
 2025.166315 -288.1140  217.6120  232.4190    0.4000    0.5650    1.5950 
 2025.169053 -288.9580  217.9970  231.5140    0.4090    0.5730    1.6670 
 2025.171791 -288.9180  216.7120  305.9600    0.5020    0.7060    2.2370 
